0.6948717949 0.6722983257 0.6887976468 0.3666666667 0.3897320366
0.1820512821 0.1874682902 0.2060914328 0.2333333333 0.1372302509
0.8794871795 0.8539320142 0.8604853536 0.4333333333 0.5059296016
0.6333333333 0.6053272451 0.5981002574 0.7666666667 0.6776839754
0.1000000000 0.1050735667 0.1240225518 0.3000000000 0.1499644661
0.6333333333 0.6104008118 0.6251623974 0.4333333333 0.4303248535
0.7564102564 0.7270928463 0.7157617355 0.7666666667 0.7438798398
0.8384615385 0.8133434805 0.8212648609 0.4333333333 0.4941420033
0.4692307692 0.4525114155 0.4848510847 0.1666666667 0.1634047055
0.1615384615 0.1639269406 0.1741267312 0.4333333333 0.2457460425
0.3461538462 0.3465753425 0.3506189484 0.4333333333 0.3236865424
0.8794871795 0.8559614409 0.8692119132 0.3000000000 0.3696883934
0.1205128205 0.1243531202 0.1397107489 0.3666666667 0.1934272074
0.3461538462 0.3435312024 0.3353229562 0.6333333333 0.4420122051
0.5717948718 0.5495180112 0.5663316583 0.4333333333 0.4097527662
0.6333333333 0.6032978184 0.5843730849 0.9000000000 0.7335229073
0.7974358974 0.7747843734 0.7907709278 0.3000000000 0.3516654404
0.7564102564 0.7579401319 0.7627282755 0.1000000000 0.1525866375
0.6948717949 0.6745306951 0.6963475916 0.2333333333 0.2670871664
0.3461538462 0.3404870624 0.3166932222 0.8333333333 0.5149446584
0.8179487179 0.7930492136 0.8016546145 0.4333333333 0.4880713400
0.9000000000 0.8701674277 0.8589165339 0.7000000000 0.7620016075
0.3461538462 0.3486047692 0.3593455080 0.3000000000 0.2309324211
0.1205128205 0.1233384069 0.1349062385 0.4333333333 0.2280624968
0.3256410256 0.3222222222 0.3098296360 0.7000000000 0.4604375775
0.3871794872 0.3861491629 0.3848388283 0.5000000000 0.3889658642
0.8179487179 0.8188229325 0.8215590146 0.1000000000 0.1582147825
0.3666666667 0.3597666159 0.3294398823 0.9000000000 0.5176069285
0.8794871795 0.8583967529 0.8770560118 0.1666666667 0.2311142975
0.5307692308 0.5079147641 0.5221105528 0.5000000000 0.4476360538
0.3256410256 0.3272957889 0.3358132124 0.3666666667 0.2705284979
0.9000000000 0.8774733638 0.8924500552 0.2333333333 0.3027564306
0.2641025641 0.2603247083 0.2451158230 0.7666666667 0.4466965975
0.6333333333 0.6361745307 0.6450667974 0.1000000000 0.1377085716
0.3871794872 0.3810755961 0.3559137149 0.8333333333 0.5477282451
0.7153846154 0.6936073059 0.7123299424 0.3000000000 0.3326829818
0.3051282051 0.3039573820 0.3014952813 0.5666666667 0.3858224091
0.2641025641 0.2623541350 0.2568819708 0.6333333333 0.3962151441
0.2230769231 0.2237950279 0.2279568575 0.5000000000 0.3081998350
0.4897435897 0.4941146626 0.5077950729 0.1000000000 0.1145787573
0.4487179487 0.4206494165 0.4078808678 0.9000000000 0.5981266368
0.4282051282 0.4013698630 0.3951342076 0.8333333333 0.5784453144
0.3666666667 0.3658548960 0.3652285819 0.5000000000 0.3783583145
0.5717948718 0.5434297311 0.5324059321 0.8333333333 0.6666768704
0.5307692308 0.5038559107 0.5000490256 0.7666666667 0.6167095401
0.3871794872 0.3904109589 0.4021938963 0.2333333333 0.1948793547
0.7153846154 0.6844748858 0.6628140704 0.9000000000 0.7839814472
0.4282051282 0.4023845764 0.4019977938 0.7666666667 0.5484858249
0.5307692308 0.5069000507 0.5172079912 0.5666666667 0.4974673347
0.4897435897 0.4703703704 0.4966172325 0.3000000000 0.2744825203
