8 0 2 2 12 
9 7 6 3 25 
1 8 9 6 24 
0 1 7 3 11 
3 5 8 4 20 
9 5 7 6 27 
3 1 0 8 12 
3 3 5 6 17 
1 5 6 1 13 
1 3 1 0 5 
0 0 1 9 10 
7 0 1 3 11 
7 5 0 7 19 
9 8 7 0 24 
9 4 4 4 21 
0 1 4 8 13 
5 6 2 7 20 
3 4 2 6 15 
1 3 2 5 11 
6 4 7 6 23 
3 3 3 1 10 
4 0 9 1 14 
5 4 2 5 16 
7 7 1 9 24 
0 7 8 4 19 
0 5 5 4 14 
3 9 9 4 25 
6 5 0 7 18 
2 8 1 1 12 
8 8 1 3 20 
6 2 0 2 10 
6 2 7 3 18 
3 4 1 4 12 
8 9 9 4 30 
2 0 9 7 18 
9 4 1 5 19 
3 8 6 3 20 
1 5 6 2 14 
2 5 8 5 20 
8 0 0 3 11 
1 8 5 0 14 
8 7 7 4 26 
4 7 5 6 22 
7 0 3 8 18 
6 6 9 8 29 
3 5 6 8 22 
1 3 2 6 12 
4 3 2 7 16 
2 5 3 2 12 
5 9 6 8 28 
7 1 8 5 21 
6 2 0 7 15 
8 9 9 7 33 
5 7 0 3 15 
1 3 4 1 9 
1 4 4 2 11 
3 9 7 0 19 
4 6 4 0 14 
7 9 3 4 23 
9 1 9 4 23 
0 6 4 4 14 
8 3 8 3 22 
2 6 8 3 19 
9 7 0 6 22 
5 7 6 3 21 
9 4 6 2 21 
3 6 7 8 24 
5 4 8 1 18 
2 1 8 1 12 
4 1 6 3 14 
1 7 7 2 17 
1 2 7 7 17 
5 5 8 0 18 
6 3 7 8 24 
2 9 1 7 19 
4 4 4 6 18 
6 8 0 5 19 
6 1 7 9 23 
0 6 8 5 19 
8 0 4 9 21 
2 7 2 1 12 
9 4 8 6 27 
5 9 9 3 26 
4 8 7 5 24 
0 7 4 9 20 
6 3 1 4 14 
6 5 6 3 20 
0 7 2 3 12 
5 7 8 3 23 
1 9 3 6 19 
9 7 1 3 20 
8 7 0 0 15 
5 8 2 9 24 
5 8 7 5 25 
2 7 0 0 9 
6 4 8 1 19 
7 0 6 5 18 
9 6 0 6 21 
3 9 1 3 16 
6 7 7 3 23 
6 7 0 8 21 
9 5 1 4 19 
4 3 8 1 16 
8 3 5 4 20 
2 0 0 3 5 
2 6 2 1 11 
7 0 7 1 15 
6 9 9 3 27 
3 5 6 9 23 
3 5 0 5 13 
2 0 8 8 18 
1 3 4 1 9 
2 3 4 2 11 
4 4 0 1 9 
4 6 1 6 17 
6 4 1 5 16 
4 1 7 6 18 
2 9 2 2 15 
9 1 3 7 20 
9 9 4 8 30 
4 3 0 8 15 
2 1 9 7 19 
1 4 0 1 6 
7 9 7 4 27 
4 9 1 0 14 
8 1 2 0 11 
2 6 6 5 19 
0 2 8 4 14 
9 3 9 9 30 
9 0 2 7 18 
4 3 5 8 20 
1 6 1 1 9 
1 1 7 0 9 
5 9 7 8 29 
5 9 7 2 23 
8 9 1 2 20 
9 9 3 1 22 
9 1 7 3 20 
6 8 5 2 21 
7 6 3 6 22 
6 9 9 4 28 
9 9 9 2 29 
1 6 0 9 16 
3 7 4 9 23 
0 4 7 1 12 
0 1 3 4 8 
8 9 9 4 30 
6 1 5 9 21 
8 2 1 0 11 
3 1 1 0 5 
3 8 6 6 23 
1 3 4 5 13 
8 1 9 8 26 
9 4 1 4 18 
1 2 3 0 6 
4 2 1 4 11 
5 0 9 8 22 
4 9 0 9 22 
7 4 1 1 13 
4 7 4 6 21 
8 6 0 3 17 
3 1 4 6 14 
7 3 1 9 20 
8 7 9 5 29 
9 5 8 1 23 
5 7 6 3 21 
8 4 1 2 15 
6 2 7 9 24 
7 9 1 0 17 
7 1 2 5 15 
0 8 1 2 11 
1 2 1 2 6 
3 2 6 6 17 
3 9 9 5 26 
7 8 9 6 30 
2 1 3 8 14 
5 0 6 9 20 
1 1 5 5 12 
9 2 8 0 19 
0 9 7 9 25 
9 1 1 8 19 
7 3 3 4 17 
2 6 2 8 18 
2 2 6 7 17 
0 3 7 0 10 
9 8 0 4 21 
4 0 9 1 14 
0 0 4 8 12 
9 4 2 6 21 
7 9 6 0 22 
2 3 1 1 7 
8 9 9 3 29 
7 2 4 0 13 
0 1 1 9 11 
1 0 9 6 16 
5 2 5 6 18 
9 4 1 7 21 
2 1 2 4 9 
5 2 0 1 8 
2 9 6 0 17 
9 7 7 0 23 
5 1 3 8 17 
3 1 0 1 5 
4 6 7 6 23 
0 1 9 1 11 
5 0 3 8 16 
2 3 2 4 11 
7 2 7 1 17 
2 9 7 8 26 
6 6 4 4 20 
6 6 8 6 26 
3 1 0 4 8 
8 0 1 9 18 
8 2 2 9 21 
7 2 1 9 19 
8 1 4 3 16 
5 8 9 3 25 
2 1 3 9 15 
6 3 1 3 13 
8 5 9 5 27 
9 1 0 9 19 
8 9 9 8 34 
3 6 9 1 19 
3 1 1 0 5 
6 9 0 3 18 
5 2 7 0 14 
4 7 0 3 14 
3 3 0 7 13 
0 8 1 7 16 
8 5 4 7 24 
8 7 8 5 28 
2 2 9 2 15 
7 4 4 6 21 
3 2 5 9 19 
2 9 4 8 23 
1 2 4 9 16 
7 3 7 5 22 
7 4 8 9 28 
3 3 8 3 17 
5 5 5 3 18 
0 6 6 5 17 
4 0 8 7 19 
3 4 5 6 18 
3 3 8 9 23 
1 5 5 4 15 
1 9 1 7 18 
9 7 0 0 16 
3 9 2 4 18 
8 3 8 4 23 
9 3 8 6 26 
6 7 9 4 26 
7 5 8 7 27 
1 8 0 8 17 
9 7 3 1 20 
6 2 6 4 18 
6 8 0 6 20 
9 9 3 1 22 
1 1 6 1 9 
6 1 5 2 14 
6 6 6 6 24 
0 7 3 3 13 
5 7 2 0 14 
1 5 1 8 15 
7 5 2 7 21 
9 9 5 8 31 
0 6 6 3 15 
5 6 6 5 22 
9 0 9 1 19 
5 6 8 1 20 
7 7 4 6 24 
0 2 9 8 19 
0 0 3 4 7 
6 0 8 6 20 
9 1 1 6 17 
1 7 5 3 16 
6 8 3 8 25 
1 1 9 6 17 
9 6 9 8 32 
5 3 3 3 14 
4 0 5 1 10 
8 6 5 3 22 
3 6 5 1 15 
5 4 9 1 19 
8 5 3 9 25 
6 8 6 2 22 
0 3 6 5 14 
2 5 4 3 14 
8 1 4 2 15 
0 4 9 7 20 
0 5 7 5 17 
8 2 2 3 15 
8 2 8 9 27 
7 4 6 8 25 
2 3 1 3 9 
5 0 8 8 21 
2 0 2 0 4 
8 2 0 6 16 
4 6 5 9 24 
5 5 5 8 23 
9 4 9 1 23 
3 4 9 3 19 
1 9 4 7 21 
2 3 7 8 20 
0 1 8 8 17 
6 9 4 1 20 
0 9 3 6 18 
5 8 2 2 17 
2 1 7 2 12 
3 3 5 3 14 
6 3 3 4 16 
1 6 6 0 13 
5 5 7 9 26 
6 3 6 2 17 
0 2 5 1 8 
4 3 7 4 18 
7 5 7 4 23 
3 2 8 2 15 
9 0 0 6 15 
9 0 4 2 15 
1 1 5 2 9 
9 6 1 9 25 
7 5 5 2 19 
3 4 6 0 13 
9 5 3 8 25 
1 5 7 4 17 
4 5 9 1 19 
9 2 9 7 27 
5 9 6 7 27 
7 8 0 9 24 
0 9 7 9 25 
9 4 6 0 19 
7 4 7 2 20 
3 8 1 1 13 
8 3 1 6 18 
0 6 1 1 8 
5 3 9 1 18 
4 1 7 2 14 
0 4 2 7 13 
5 6 2 0 13 
8 1 6 3 18 
8 4 8 6 26 
6 0 9 0 15 
2 9 7 0 18 
9 6 3 6 24 
5 2 2 1 10 
1 8 7 9 25 
4 7 9 5 25 
2 6 5 6 19 
0 9 7 8 24 
6 4 1 7 18 
7 6 3 5 21 
3 4 3 6 16 
2 3 6 8 19 
8 5 7 4 24 
4 0 6 7 17 
9 1 0 5 15 
8 1 2 4 15 
3 1 6 0 10 
9 3 9 8 29 
7 3 5 5 20 
4 0 6 0 10 
4 4 4 4 16 
0 8 4 0 12 
2 1 2 9 14 
5 0 2 1 8 
8 5 9 3 25 
1 8 3 3 15 
7 3 1 0 11 
1 7 2 3 13 
2 4 4 9 19 
6 1 4 3 14 
9 1 3 6 19 
3 4 6 1 14 
5 8 0 2 15 
2 2 5 8 17 
2 3 1 6 12 
7 5 6 3 21 
8 9 5 1 23 
2 6 0 2 10 
9 8 0 7 24 
7 9 4 6 26 
5 9 8 8 30 
4 9 7 3 23 
8 4 4 9 25 
0 2 9 8 19 
5 1 3 8 17 
6 8 4 6 24 
7 1 3 4 15 
5 5 5 9 24 
1 7 5 4 17 
8 7 1 2 18 
4 0 4 8 16 
9 3 4 2 18 
9 6 9 7 31 
6 5 8 5 24 
1 1 9 5 16 
9 6 5 0 20 
7 4 3 0 14 
0 0 9 2 11 
3 1 7 7 18 
5 1 6 7 19 
3 6 1 2 12 
2 3 4 5 14 
6 0 5 0 11 
7 9 5 5 26 
2 7 9 2 20 
4 8 8 0 20 
8 1 4 2 15 
8 0 5 4 17 
2 9 4 6 21 
5 1 5 0 11 
5 1 3 4 13 
9 9 3 5 26 
0 0 9 3 12 
8 2 2 6 18 
5 3 8 3 19 
8 4 9 6 27 
9 1 5 6 21 
4 3 0 7 14 
8 6 3 6 23 
0 3 5 5 13 
6 7 9 0 22 
3 5 1 3 12 
2 6 3 8 19 
7 4 9 1 21 
7 0 4 0 11 
2 2 7 7 18 
0 9 2 6 17 
4 8 8 9 29 
5 8 1 0 14 
9 9 3 2 23 
1 8 8 6 23 
0 1 5 6 12 
2 4 2 2 10 
2 3 8 7 20 
5 9 9 3 26 
1 3 4 1 9 
1 6 0 0 7 
4 8 6 3 21 
5 3 3 2 13 
4 1 5 9 19 
9 0 3 6 18 
7 1 2 6 16 
8 1 4 7 20 
8 1 8 6 23 
9 1 7 8 25 
6 3 9 4 22 
2 3 2 3 10 
5 0 6 4 15 
1 6 5 4 16 
1 2 9 3 15 
