0.8054815340 0.8017602665
0.1404352862 0.1403919084
0.3979408221 0.4150224144
0.4523104216 0.4495879187
0.6024014493 0.5962902392
0.2448366603 0.2415120667
0.6940972502 0.6944063310
0.4327250497 0.4263831280
0.4371502324 0.4424829466
0.3954103050 0.3971792509
0.2914700665 0.2930336368
0.2320408649 0.2337036131
0.6297344711 0.6220501536
0.4235453017 0.4293285953
0.1545099450 0.1535650250
0.2241371162 0.2246108382
0.5001253086 0.4992550670
0.2549472719 0.2581376923
0.8761398157 0.8577064170
0.2505822373 0.2535263923
0.1979812789 0.1978655747
0.6503953485 0.6496416469
0.4225256480 0.4209111507
0.2173504039 0.2166814194
0.6774505434 0.6798477448
0.1459860979 0.1467895742
0.8501887684 0.8355758920
0.6066891506 0.5995615715
0.5825898060 0.5876156106
0.2378494543 0.2372238676
0.7077995636 0.7079354095
0.6267342259 0.6244565119
0.5336192159 0.5243985711
0.4183124158 0.4170779075
0.1249972701 0.1270801414
0.8170328362 0.8111067026
0.2702291894 0.2685675051
0.6473865107 0.6464861611
0.4825176640 0.4840957338
0.1638200139 0.1623283183
0.1251920354 0.1251596970
0.2991804819 0.3108460857
0.6803949368 0.6846883511
0.4710050285 0.4763239248
0.3075066995 0.3081793538
0.3501903795 0.3481603939
0.5617413237 0.5568784683
0.6272555095 0.6232421035
0.9000000000 0.8715652817
0.4540890872 0.4551275202
