3698.290 3714.375
1935.130 1941.366
4509.670 4495.316
5708.990 5681.363
2024.050 2009.407
3981.740 4021.136
6171.220 6173.236
4427.360 4429.248
2117.900 2102.673
2692.870 2689.930
3237.110 3266.836
3558.330 3515.159
2327.540 2306.248
4063.350 4040.650
3838.090 3879.605
6098.900 6126.838
3432.480 3408.345
2042.360 2071.430
2841.890 2808.225
4572.620 4545.415
4384.970 4393.938
6297.760 6283.236
2589.430 2589.791
2569.390 2548.477
4192.010 4152.947
3692.940 3685.506
2081.660 2144.150
4591.210 4768.807
2590.700 2616.126
4102.620 4132.768
2865.920 2887.317
3090.960 3071.303
4096.060 4052.415
1938.470 1935.351
4801.540 4732.350
3299.930 3290.794
3670.990 3676.668
3743.560 3734.027
3128.970 3153.068
1776.960 1790.110
5153.460 5199.000
5016.030 4945.907
3618.870 3623.477
5632.130 5632.477
5283.220 5229.111
2337.680 2309.916
6451.240 6489.434
4806.830 4775.561
4450.580 4450.720
2893.530 2910.136
